x	y	z	z2
-5	-5	2	25
-4	-5	2	20
-3	-5	2	15
-2	-5	10	10
-1	-5	5	5
0	-5	0	0
1	-5	-5	-5
2	-5	-10	-10
3	-5	-15	-15
4	-5	-20	-20
5	-5	-25	-25
-5	-4	20	20
-4	-4	16	16
-3	-4	12	12
-2	-4	8	8
-1	-4	4	4
0	-4	0	0
1	-4	-4	-4
2	-4	-8	-8
3	-4	-12	-12
4	-4	-16	-16
5	-4	-20	-20
-5	-3	15	15
-4	-3	12	12
-3	-3	9	9
-2	-3	6	6
-1	-3	3	3
0	-3	0	0
1	-3	-3	-3
2	-3	-6	-6
3	-3	-9	-9
4	-3	-12	-12
5	-3	-15	-15
-5	-2	10	10
-4	-2	8	8
-3	-2	6	6
-2	-2	4	4
-1	-2	2	2
0	-2	0	0
1	-2	-2	-2
2	-2	-4	-4
3	-2	-6	-6
4	-2	-8	-8
5	-2	-10	-10
-5	-1	5	5
-4	-1	4	4
-3	-1	3	3
-2	-1	2	2
-1	-1	1	1
0	-1	0	0
1	-1	-1	-1
2	-1	-2	-2
3	-1	-3	-3
4	-1	-4	-4
5	-1	-5	-5
-5	0	0	0
-4	0	0	0
-3	0	0	0
-2	0	0	0
-1	0	0	0
0	0	0	0
1	0	0	0
2	0	0	0
3	0	0	0
4	0	0	0
5	0	0	0
-5	1	-5	-5
-4	1	-4	-4
-3	1	-3	-3
-2	1	-2	-2
-1	1	-1	-1
0	1	0	0
1	1	1	1
2	1	2	2
3	1	3	3
4	1	4	4
5	1	5	5
-5	2	-10	-10
-4	2	-8	-8
-3	2	-6	-6
-2	2	-4	-4
-1	2	-2	-2
0	2	0	0
1	2	2	2
2	2	4	4
3	2	6	6
4	2	8	8
5	2	10	10
-5	3	-15	-15
-4	3	-12	-12
-3	3	-9	-9
-2	3	-6	-6
-1	3	-3	-3
0	3	0	0
1	3	3	3
2	3	6	6
3	3	9	9
4	3	12	12
5	3	15	15
-5	4	-20	-20
-4	4	-16	-16
-3	4	-12	-12
-2	4	-8	-8
-1	4	-4	-4
0	4	0	0
1	4	4	4
2	4	8	8
3	4	12	12
4	4	16	16
5	4	20	20